Open AUC
config:  v2-tiny-anchor5-box-30  auc 0.5412289544363947
config:  v2-voc-anchor5-box-30   auc 0.6887211009734351
config:  v2-yolo-anchor5-box-30  auc 0.6820903012728935
config:  v3-spp2-anchor0-box-30  auc 0.3279320676117923
config:  v3-spp2-anchor1-box-16  auc 0.8887291206506234
config:  v3-spp2-anchor1-box-30  auc 0.8937183110176256
config:  v3-spp2-anchor1-box-40  auc 0.8637308903504846
config:  v3-spp2-anchor1-box-60  auc 0.6696845465065149
config:  v3-tiny-anchor1-box-30  auc 0.8489260402215291
config:  v3-yolo-anchor1-box-30  auc 0.43711342535785985

Closed AUC
config:  v2-tiny-anchor5-box-30  auc 0.568514919583415
config:  v2-voc-anchor5-box-30   auc 0.6587468494164515
config:  v2-yolo-anchor5-box-30  auc 0.6751385768763867
config:  v3-spp2-anchor0-box-30  auc 0.45210084035598685
config:  v3-spp2-anchor1-box-16  auc 0.8851576973306937
config:  v3-spp2-anchor1-box-30  auc 0.883285823452283
config:  v3-spp2-anchor1-box-40  auc 0.8225379533539043
config:  v3-spp2-anchor1-box-60  auc 0.6797786622037206
config:  v3-tiny-anchor1-box-30  auc 0.8291345758140078
config:  v3-yolo-anchor1-box-30  auc 0.36619815781460296


v3-spp2-anchor1-box-30 
86.67\% precision and 86.09\% recall
0.025+ 0.025*7=0.2 threshlod 

precision
[0.6447111  0.73647071 0.78190179 0.81005747 0.82908179 0.84514776
 0.85657244 0.86674052 0.87694474 0.88522218 0.89117522 0.89808223
 0.90289812 0.90896509 0.91517077 0.92091879 0.92609249 0.92999471
 0.93562943 0.93912541 0.9427671  0.94544474 0.94923682 0.95138025
 0.9538858  0.95632865 0.95738776 0.9599631  0.96139241 0.9647262
 0.9679506  0.97007481 0.97174888 0.97565429 0.97616946 0.97919556
 0.98915989 0.99242424 1.        ]
recall
[0.95980583 0.9389644  0.92446602 0.91229773 0.89825243 0.88666667
 0.87475728 0.86090615 0.84640777 0.83165049 0.81572816 0.80019417
 0.78239482 0.76517799 0.74576052 0.72660194 0.70640777 0.68271845
 0.65760518 0.63106796 0.6002589  0.56757282 0.53132686 0.49521036
 0.45521036 0.41812298 0.37954693 0.33676375 0.29495146 0.25313916
 0.21307443 0.17624595 0.1402589  0.10375405 0.07158576 0.04569579
 0.0236246  0.00847896 0.00135922]



---------------

python fingeryolo/train.py   ./fingeryolo/testsClosed/*  -tr 0.025 1.0 0.025 -e  2>&1 | tee train-$(date +%Y%m%d-%H%M).log
threshold range:  [0.025, 1.0, 0.025]
-- skipping, not a directory:  ./fingeryolo/testsClosed/obj.data
-- skipping, not a directory:  ./fingeryolo/testsClosed/obj.names
-- skipping, not a directory:  ./fingeryolo/testsClosed/test.txt
-- skipping, not a directory:  ./fingeryolo/testsClosed/train.txt
Running dir  ./fingeryolo/testsClosed/v2-tiny-anchor5-box-30
precision
[0.25212167 0.26458333 0.27321472 0.28099445 0.28862283 0.29553919
 0.30286448 0.31037098 0.31790709 0.32654938 0.3346711  0.34298758
 0.35154744 0.36074417 0.37030446 0.38072674 0.3905799  0.40186479
 0.41418179 0.42612479 0.4386215  0.45306487 0.4688669  0.48290636
 0.50026607 0.51680143 0.53576803 0.55868121 0.58270513 0.60176845
 0.62640825 0.65538322 0.68530702 0.71898252 0.75712007 0.7866839
 0.83342037 0.8516129  0.91919192]
recall
[0.95519468 0.95252071 0.95043371 0.94795539 0.94489011 0.94195526
 0.93849866 0.934129   0.9296289  0.92610709 0.91912868 0.91136764
 0.90380226 0.89408465 0.88208439 0.86988848 0.85612731 0.84047479
 0.82436575 0.80486532 0.78275615 0.76019044 0.73566817 0.70566751
 0.6744277  0.64194874 0.60373052 0.56472967 0.52429401 0.47492337
 0.42790061 0.37755169 0.32609405 0.27098415 0.2167221  0.15874258
 0.10408922 0.0516533  0.01186982]
Saving curve to:  ./fingeryolo/testsClosed/v2-tiny-anchor5-box-30/curve-v2-tiny-anchor5-box-30-precisionRecall.png
Running dir  ./fingeryolo/testsClosed/v2-voc-anchor5-box-30
precision
[0.26009009 0.285807   0.30741025 0.32839115 0.34777572 0.36943132
 0.39128439 0.41601825 0.44121365 0.4725724  0.50501078 0.53896507
 0.57584902 0.61389912 0.65280557 0.69236135 0.7266543  0.75922521
 0.78500583 0.81113593 0.83217213 0.84799026 0.86615791 0.88002848
 0.89694825 0.91267123 0.9261796  0.93576017 0.94798658 0.93902439
 0.94482759 0.98       1.         0.         0.         0.
 0.         0.         0.        ]
recall
[9.52781582e-01 9.47824953e-01 9.40455227e-01 9.31715907e-01
 9.20302615e-01 9.07519729e-01 8.89519337e-01 8.68258006e-01
 8.42170482e-01 8.14126394e-01 7.78908237e-01 7.35668167e-01
 6.84536620e-01 6.30274571e-01 5.74382052e-01 5.17837344e-01
 4.59792604e-01 4.03900085e-01 3.51007631e-01 3.07832779e-01
 2.64853584e-01 2.27026674e-01 1.92460706e-01 1.61220896e-01
 1.32263745e-01 1.04284876e-01 7.93712907e-02 5.70012392e-02
 3.68486271e-02 2.00873932e-02 8.93497685e-03 3.19572165e-03
 3.91312855e-04 0.00000000e+00 0.00000000e+00 0.00000000e+00
 0.00000000e+00 0.00000000e+00 0.00000000e+00]
Saving curve to:  ./fingeryolo/testsClosed/v2-voc-anchor5-box-30/curve-v2-voc-anchor5-box-30-precisionRecall.png
Running dir  ./fingeryolo/testsClosed/v2-yolo-anchor5-box-30
precision
[0.25586641 0.28138695 0.30266283 0.32255831 0.34288791 0.36327535
 0.38571389 0.40893758 0.43518278 0.4639285  0.4957762  0.53053755
 0.56750162 0.605931   0.6432599  0.67871302 0.71204701 0.7406785
 0.77320359 0.79958184 0.81954065 0.84425494 0.86666667 0.88746894
 0.90298507 0.91599253 0.92294221 0.9330656  0.94170404 0.92511013
 0.91764706 0.96774194 1.         0.         0.         0.
 0.         0.         0.        ]
recall
[9.54346834e-01 9.50564143e-01 9.47368421e-01 9.41694385e-01
 9.34650753e-01 9.24737494e-01 9.10715450e-01 8.93432466e-01
 8.75758169e-01 8.53062023e-01 8.22930933e-01 7.84647492e-01
 7.43233549e-01 6.92949847e-01 6.39861736e-01 5.80577839e-01
 5.21554816e-01 4.59923042e-01 4.04226179e-01 3.49181504e-01
 2.93223766e-01 2.45353160e-01 2.00939151e-01 1.63047023e-01
 1.26263614e-01 9.60020870e-02 6.87406248e-02 4.54575099e-02
 2.73918998e-02 1.36959499e-02 5.08706711e-03 1.95656427e-03
 3.26094046e-04 0.00000000e+00 0.00000000e+00 0.00000000e+00
 0.00000000e+00 0.00000000e+00 0.00000000e+00]
Saving curve to:  ./fingeryolo/testsClosed/v2-yolo-anchor5-box-30/curve-v2-yolo-anchor5-box-30-precisionRecall.png
Running dir  ./fingeryolo/testsClosed/v3-spp2-anchor0-box-30
precision
[0.6979346  0.79663515 0.8345876  0.85091421 0.86316212 0.87443439
 0.88002021 0.88389092 0.88826816 0.89471891 0.90094162 0.90689942
 0.91037952 0.91515152 0.92090395 0.92254408 0.92579505 0.92795615
 0.92654867 0.93165829 0.92921348 0.93943299 0.93610698 0.94097222
 0.94032922 0.94059406 0.94011976 0.93632959 0.93925234 0.93413174
 0.94214876 0.96590909 0.94915254 0.9375     0.95       1.
 0.         0.         0.        ]
recall
[5.28924542e-01 4.23074415e-01 3.61638296e-01 3.15659036e-01
 2.80571317e-01 2.52070697e-01 2.27222331e-01 2.05047936e-01
 1.86656232e-01 1.71264593e-01 1.56003391e-01 1.42307441e-01
 1.29850649e-01 1.18176482e-01 1.06306659e-01 9.55455553e-02
 8.54366399e-02 7.72842888e-02 6.82840931e-02 6.04578360e-02
 5.39359551e-02 4.75445118e-02 4.10878497e-02 3.53485945e-02
 2.98049958e-02 2.47831475e-02 2.04787061e-02 1.63047023e-02
 1.31089806e-02 1.01741342e-02 7.43494424e-03 5.54359877e-03
 3.65225331e-03 1.95656427e-03 1.23915737e-03 5.21750473e-04
 0.00000000e+00 0.00000000e+00 0.00000000e+00]
Saving curve to:  ./fingeryolo/testsClosed/v3-spp2-anchor0-box-30/curve-v3-spp2-anchor0-box-30-precisionRecall.png
Running dir  ./fingeryolo/testsClosed/v3-spp2-anchor1-box-16
precision
[0.41426915 0.55377454 0.64097354 0.69962331 0.74491956 0.78082808
 0.80871527 0.83118581 0.84985725 0.86640445 0.87855572 0.88784769
 0.89626491 0.90313745 0.91187705 0.91695205 0.92031587 0.92717149
 0.93172154 0.93529412 0.9401533  0.94138893 0.94338575 0.94671701
 0.95274646 0.95573497 0.95826593 0.95830145 0.9608209  0.96414112
 0.96534296 0.96449136 0.97326203 0.97769517 0.98305085 0.98283262
 0.98290598 0.975      1.        ]
recall
[9.78543012e-01 9.62107872e-01 9.46390139e-01 9.32694189e-01
 9.18019957e-01 9.05237070e-01 8.88410618e-01 8.70866758e-01
 8.54235962e-01 8.33235505e-01 8.07734951e-01 7.78582143e-01
 7.44929238e-01 7.09645862e-01 6.69471075e-01 6.28644101e-01
 5.85273593e-01 5.43011805e-01 5.00163047e-01 4.56270788e-01
 4.15965564e-01 3.73964651e-01 3.32550708e-01 2.94332485e-01
 2.59049110e-01 2.23896172e-01 1.93178113e-01 1.63373117e-01
 1.34350747e-01 1.08719755e-01 8.71975478e-02 6.55449032e-02
 4.74792930e-02 3.43050936e-02 2.26961456e-02 1.49351073e-02
 7.50016305e-03 2.54353356e-03 3.91312855e-04]
Saving curve to:  ./fingeryolo/testsClosed/v3-spp2-anchor1-box-16/curve-v3-spp2-anchor1-box-16-precisionRecall.png
Running dir  ./fingeryolo/testsClosed/v3-spp2-anchor1-box-30
precision
[0.57813475 0.68942335 0.74558892 0.77950756 0.80147186 0.81795496
 0.83241489 0.84515926 0.85576425 0.86366653 0.87469304 0.88239816
 0.88873735 0.89470966 0.89988615 0.90431373 0.9084261  0.91163104
 0.91557075 0.92022008 0.92369439 0.92790958 0.93125    0.93397635
 0.93686653 0.94102159 0.9445474  0.94888577 0.95379595 0.95655517
 0.95916162 0.96176912 0.96283081 0.96599132 0.97364771 0.97623515
 0.98148148 0.98370672 0.98507463]
recall
[0.9670645  0.9497163  0.93425944 0.92088958 0.9091502  0.89786734
 0.88664971 0.87393204 0.86173612 0.84862714 0.83630079 0.82358312
 0.80747408 0.79084328 0.7732342  0.75197287 0.72914629 0.70645014
 0.68108002 0.65447075 0.62290485 0.59433901 0.56362095 0.53048979
 0.5003587  0.46618405 0.43213983 0.39711733 0.36216005 0.32452879
 0.28950629 0.2510272  0.2111785  0.17413422 0.13735081 0.10180656
 0.06567534 0.03150068 0.00860888]
Saving curve to:  ./fingeryolo/testsClosed/v3-spp2-anchor1-box-30/curve-v3-spp2-anchor1-box-30-precisionRecall.png
Running dir  ./fingeryolo/testsClosed/v3-spp2-anchor1-box-40
precision
[0.62998177 0.73370218 0.78304309 0.81131965 0.82890426 0.84343812
 0.85370217 0.86352957 0.87139247 0.87860683 0.88494534 0.89010292
 0.89468779 0.89933475 0.90419028 0.90894569 0.91234874 0.91675264
 0.91976262 0.92325581 0.92651948 0.93140351 0.93396567 0.9363212
 0.93960769 0.94193872 0.9449397  0.94871795 0.95133256 0.95371962
 0.95712783 0.95990869 0.96323645 0.96705223 0.9688755  0.97115614
 0.97492447 0.97944593 0.99126214]
recall
[0.94639014 0.92988027 0.91495467 0.90217179 0.89101937 0.88188874
 0.87151895 0.86291006 0.85462727 0.84399661 0.83421379 0.8235179
 0.81393074 0.80232179 0.7909085  0.77929955 0.76710363 0.75340768
 0.73788561 0.72497228 0.70886324 0.69249332 0.67429727 0.65401422
 0.6341877  0.61155677 0.58762147 0.56225135 0.53544642 0.50668493
 0.47466249 0.43879215 0.39985652 0.35987739 0.31468075 0.26570143
 0.2104611  0.14295963 0.0665884 ]
Saving curve to:  ./fingeryolo/testsClosed/v3-spp2-anchor1-box-40/curve-v3-spp2-anchor1-box-40-precisionRecall.png
Running dir  ./fingeryolo/testsClosed/v3-spp2-anchor1-box-60
precision
[0.67975346 0.76885207 0.8109552  0.83471408 0.85168961 0.86288079
 0.87339275 0.8813395  0.88909174 0.89471648 0.89982702 0.9042222
 0.90859648 0.91330529 0.91718999 0.92050672 0.92387454 0.9260881
 0.92919409 0.93264014 0.93493843 0.93683523 0.94033118 0.94218478
 0.94488968 0.94726701 0.95050432 0.95381978 0.9561656  0.95875816
 0.96256111 0.96594466 0.96936746 0.97135158 0.97318829 0.97480851
 0.97754611 0.98242392 0.98663484]
recall
[0.85593165 0.83519207 0.82169178 0.8082567  0.79886519 0.7888215
 0.77969086 0.77069067 0.76227744 0.75432075 0.74636405 0.73886389
 0.72999413 0.72210265 0.71440683 0.70612405 0.69731951 0.68968891
 0.68127568 0.67273202 0.66353616 0.65486206 0.64442705 0.63451379
 0.62283963 0.6092089  0.59616513 0.58057784 0.56336007 0.54581621
 0.52651145 0.50316311 0.47674949 0.44668362 0.41426988 0.37350812
 0.31800691 0.24424444 0.13480728]
Saving curve to:  ./fingeryolo/testsClosed/v3-spp2-anchor1-box-60/curve-v3-spp2-anchor1-box-60-precisionRecall.png
Running dir  ./fingeryolo/testsClosed/v3-tiny-anchor1-box-30
precision
[0.31457377 0.40277131 0.47449722 0.5350023  0.58907137 0.63624982
 0.67890394 0.71313166 0.74174137 0.76900816 0.79355875 0.8143886
 0.83180356 0.84813801 0.86021222 0.87188251 0.88544199 0.89606799
 0.9043704  0.91328687 0.92132931 0.93017297 0.93498914 0.93975209
 0.9443159  0.94979219 0.95470756 0.96010844 0.96372073 0.96689977
 0.97026604 0.97492625 0.97838023 0.97759674 0.97913486 0.9844909
 0.98478702 0.99243856 0.984375  ]
recall
[0.97880389 0.95923824 0.93556382 0.91012848 0.88658449 0.86173612
 0.8370182  0.81177852 0.78784321 0.76253832 0.74082045 0.71538512
 0.69151503 0.66692754 0.6397313  0.61560034 0.59381726 0.5707298
 0.54522924 0.52135916 0.4972282  0.47348855 0.44929238 0.42522664
 0.39926955 0.37259506 0.3491815  0.32335486 0.29798474 0.27052762
 0.24261397 0.21554816 0.18593882 0.15652514 0.12548099 0.09521946
 0.06332746 0.03423987 0.00821757]
Saving curve to:  ./fingeryolo/testsClosed/v3-tiny-anchor1-box-30/curve-v3-tiny-anchor1-box-30-precisionRecall.png
Running dir  ./fingeryolo/testsClosed/v3-yolo-anchor1-box-30
precision
[0.6893477  0.77018903 0.8041302  0.82542694 0.83979281 0.85021123
 0.85838807 0.86346486 0.8685829  0.87335386 0.87770261 0.88129689
 0.88424111 0.8873441  0.89115459 0.8940784  0.897328   0.89970272
 0.90323733 0.90564679 0.90792245 0.90991057 0.91194969 0.91415123
 0.91623945 0.91887152 0.9208157  0.9231787  0.92558213 0.92905594
 0.93056231 0.93332233 0.93627244 0.93891753 0.9422704  0.94712895
 0.95068415 0.9555916  0.9607548 ]
recall
[0.94286832 0.92741147 0.9167808  0.90784582 0.89878041 0.8925194
 0.88632362 0.88058436 0.87504076 0.86936673 0.86310572 0.85801865
 0.85338812 0.84914889 0.84367051 0.83897476 0.83447466 0.82899628
 0.82430053 0.82006131 0.81543077 0.80956108 0.80382182 0.79795213
 0.79260419 0.78595187 0.78040827 0.77356029 0.76736451 0.75927738
 0.74903802 0.73762473 0.72438531 0.71277636 0.69725429 0.67879737
 0.65251419 0.61468728 0.5412509 ]
Saving curve to:  ./fingeryolo/testsClosed/v3-yolo-anchor1-box-30/curve-v3-yolo-anchor1-box-30-precisionRecall.png


----------------

python fingeryolo/train.py   ./fingeryolo/testsOpen/*  -tr 0.025 1.0 0.025 -e
threshold range:  [0.025, 1.0, 0.025]
-- skipping, not a directory:  ./fingeryolo/testsOpen/obj.data
-- skipping, not a directory:  ./fingeryolo/testsOpen/obj.names
-- skipping, not a directory:  ./fingeryolo/testsOpen/test.txt
-- skipping, not a directory:  ./fingeryolo/testsOpen/train.txt
Running dir  ./fingeryolo/testsOpen/v2-tiny-anchor5-box-30
open:  ./fingeryolo/testsOpen/v2-tiny-anchor5-box-30/curve-v2-tiny-anchor5-box-30.obj
precision
[0.2550434  0.26616616 0.27343912 0.27996986 0.2854544  0.29125291
 0.29631773 0.30134762 0.30697132 0.31341566 0.31987923 0.32654252
 0.33333333 0.34095985 0.34960897 0.35843012 0.36868195 0.37912871
 0.38998446 0.40188176 0.41437158 0.42895433 0.44381913 0.45992813
 0.47497169 0.49420677 0.51118525 0.53134989 0.55549323 0.58385195
 0.61295342 0.63834578 0.66511976 0.69437315 0.72490914 0.75588105
 0.80099092 0.85961123 0.91044776]
recall
[0.94511327 0.9431068  0.9402589  0.93779935 0.93436893 0.93210356
 0.92815534 0.92485437 0.92       0.9166343  0.91203883 0.90569579
 0.89760518 0.88932039 0.87961165 0.86893204 0.8568932  0.84323625
 0.82815534 0.81003236 0.78977346 0.76653722 0.74012945 0.71242718
 0.67864078 0.64601942 0.60491909 0.5594822  0.51281553 0.46148867
 0.40796117 0.34867314 0.28757282 0.22763754 0.16783172 0.11022654
 0.06278317 0.02576052 0.00394822]
Saving curve to:  ./fingeryolo/testsOpen/v2-tiny-anchor5-box-30/curve-v2-tiny-anchor5-box-30-precisionRecall.png
Running dir  ./fingeryolo/testsOpen/v2-voc-anchor5-box-30
open:  ./fingeryolo/testsOpen/v2-voc-anchor5-box-30/curve-v2-voc-anchor5-box-30.obj
precision
[0.26627197 0.29900366 0.32621931 0.35148844 0.37460807 0.39726773
 0.42182043 0.44553959 0.47242634 0.4999007  0.53207862 0.56726523
 0.60136888 0.63843157 0.67634705 0.71222241 0.74859086 0.78153255
 0.80840381 0.82799691 0.84838593 0.86891546 0.88489755 0.89899909
 0.90757238 0.91881746 0.92654321 0.93996569 0.9591029  0.97196262
 0.98857143 1.         1.         1.         0.         0.
 0.         0.         0.        ]
recall
[9.46084142e-01 9.40129450e-01 9.32944984e-01 9.23948220e-01
 9.12491909e-01 8.97799353e-01 8.83365696e-01 8.63106796e-01
 8.40582524e-01 8.14563107e-01 7.83171521e-01 7.48349515e-01
 7.05177994e-01 6.57605178e-01 6.04466019e-01 5.52168285e-01
 4.98576052e-01 4.47572816e-01 3.95987055e-01 3.46472492e-01
 3.02783172e-01 2.63430421e-01 2.26407767e-01 1.91844660e-01
 1.58252427e-01 1.26731392e-01 9.71521036e-02 7.09385113e-02
 4.70550162e-02 2.69255663e-02 1.11974110e-02 4.14239482e-03
 9.06148867e-04 6.47249191e-05 0.00000000e+00 0.00000000e+00
 0.00000000e+00 0.00000000e+00 0.00000000e+00]
Saving curve to:  ./fingeryolo/testsOpen/v2-voc-anchor5-box-30/curve-v2-voc-anchor5-box-30-precisionRecall.png
Running dir  ./fingeryolo/testsOpen/v2-yolo-anchor5-box-30
open:  ./fingeryolo/testsOpen/v2-yolo-anchor5-box-30/curve-v2-yolo-anchor5-box-30.obj
precision
[0.26580939 0.29497381 0.31962915 0.34354108 0.36655392 0.38982061
 0.41276011 0.43648261 0.46227862 0.49018939 0.51687624 0.54717238
 0.58030357 0.61424868 0.6477309  0.68121001 0.71538202 0.74850954
 0.77838093 0.80879215 0.83251491 0.85133362 0.8676307  0.88666428
 0.90316486 0.91650359 0.92816635 0.93026706 0.93187348 0.95566502
 0.98837209 1.         1.         0.         0.         0.
 0.         0.         0.        ]
recall
[9.43236246e-01 9.40517799e-01 9.34951456e-01 9.27961165e-01
 9.18899676e-01 9.07184466e-01 8.93592233e-01 8.76440129e-01
 8.58252427e-01 8.37605178e-01 8.08802589e-01 7.79676375e-01
 7.44854369e-01 7.05372168e-01 6.56828479e-01 6.06343042e-01
 5.49061489e-01 4.87572816e-01 4.26925566e-01 3.67961165e-01
 3.07249191e-01 2.52038835e-01 2.01941748e-01 1.60517799e-01
 1.23754045e-01 9.09385113e-02 6.35598706e-02 4.05825243e-02
 2.47896440e-02 1.25566343e-02 5.50161812e-03 1.87702265e-03
 4.53074434e-04 0.00000000e+00 0.00000000e+00 0.00000000e+00
 0.00000000e+00 0.00000000e+00 0.00000000e+00]
Saving curve to:  ./fingeryolo/testsOpen/v2-yolo-anchor5-box-30/curve-v2-yolo-anchor5-box-30-precisionRecall.png
Running dir  ./fingeryolo/testsOpen/v3-spp2-anchor0-box-30
open:  ./fingeryolo/testsOpen/v3-spp2-anchor0-box-30/curve-v3-spp2-anchor0-box-30.obj
precision
[0.7352536  0.82856591 0.86151492 0.88012618 0.89074002 0.89579525
 0.90717755 0.91369606 0.91518175 0.91762768 0.9168242  0.92465016
 0.93014706 0.94261119 0.94318182 0.93632959 0.93246187 0.95013123
 0.94461538 0.94736842 0.94067797 0.94974874 0.95483871 0.94957983
 0.93548387 0.9047619  0.91666667 0.94117647 0.93333333 0.95454545
 0.94444444 0.90909091 1.         1.         1.         1.
 0.         0.         0.        ]
recall
[3.80000000e-01 2.77475728e-01 2.18640777e-01 1.80582524e-01
 1.48802589e-01 1.26860841e-01 1.08802589e-01 9.45631068e-02
 8.31067961e-02 7.21035599e-02 6.27831715e-02 5.55987055e-02
 4.91262136e-02 4.25242718e-02 3.76051780e-02 3.23624595e-02
 2.77022654e-02 2.34304207e-02 1.98705502e-02 1.74757282e-02
 1.43689320e-02 1.22330097e-02 9.57928803e-03 7.31391586e-03
 5.63106796e-03 3.68932039e-03 2.84789644e-03 2.07119741e-03
 1.81229773e-03 1.35922330e-03 1.10032362e-03 6.47249191e-04
 4.53074434e-04 1.94174757e-04 1.29449838e-04 6.47249191e-05
 0.00000000e+00 0.00000000e+00 0.00000000e+00]
Saving curve to:  ./fingeryolo/testsOpen/v3-spp2-anchor0-box-30/curve-v3-spp2-anchor0-box-30-precisionRecall.png
Running dir  ./fingeryolo/testsOpen/v3-spp2-anchor1-box-16
open:  ./fingeryolo/testsOpen/v3-spp2-anchor1-box-16/curve-v3-spp2-anchor1-box-16.obj
precision
[0.44616298 0.58492742 0.67035419 0.72700632 0.76870597 0.80168553
 0.82834431 0.8495581  0.86939969 0.88421053 0.89671048 0.90520663
 0.91613116 0.92471229 0.931028   0.93566476 0.94124218 0.94687964
 0.95074648 0.95511613 0.95615301 0.95930355 0.96148184 0.96501458
 0.96496705 0.96922428 0.96992864 0.97108737 0.97299444 0.97294485
 0.97050562 0.96767677 0.975      0.9893617  0.97938144 0.95744681
 0.93333333 1.         0.        ]
recall
[9.72750809e-01 9.51974110e-01 9.33462783e-01 9.15275081e-01
 8.97022654e-01 8.80453074e-01 8.63300971e-01 8.46148867e-01
 8.27702265e-01 8.04660194e-01 7.81618123e-01 7.52815534e-01
 7.19741100e-01 6.81294498e-01 6.41294498e-01 5.93980583e-01
 5.45372168e-01 4.94951456e-01 4.41035599e-01 3.93915858e-01
 3.42977346e-01 2.95987055e-01 2.53656958e-01 2.14239482e-01
 1.80064725e-01 1.48802589e-01 1.23171521e-01 1.00000000e-01
 7.92880259e-02 6.05177994e-02 4.47249191e-02 3.10032362e-02
 2.01941748e-02 1.20388350e-02 6.14886731e-03 2.91262136e-03
 9.06148867e-04 6.47249191e-05 0.00000000e+00]
Saving curve to:  ./fingeryolo/testsOpen/v3-spp2-anchor1-box-16/curve-v3-spp2-anchor1-box-16-precisionRecall.png
Running dir  ./fingeryolo/testsOpen/v3-spp2-anchor1-box-30
open:  ./fingeryolo/testsOpen/v3-spp2-anchor1-box-30/curve-v3-spp2-anchor1-box-30.obj
precision
[0.6447111  0.73647071 0.78190179 0.81005747 0.82908179 0.84514776
 0.85657244 0.86674052 0.87694474 0.88522218 0.89117522 0.89808223
 0.90289812 0.90896509 0.91517077 0.92091879 0.92609249 0.92999471
 0.93562943 0.93912541 0.9427671  0.94544474 0.94923682 0.95138025
 0.9538858  0.95632865 0.95738776 0.9599631  0.96139241 0.9647262
 0.9679506  0.97007481 0.97174888 0.97565429 0.97616946 0.97919556
 0.98915989 0.99242424 1.        ]
recall
[0.95980583 0.9389644  0.92446602 0.91229773 0.89825243 0.88666667
 0.87475728 0.86090615 0.84640777 0.83165049 0.81572816 0.80019417
 0.78239482 0.76517799 0.74576052 0.72660194 0.70640777 0.68271845
 0.65760518 0.63106796 0.6002589  0.56757282 0.53132686 0.49521036
 0.45521036 0.41812298 0.37954693 0.33676375 0.29495146 0.25313916
 0.21307443 0.17624595 0.1402589  0.10375405 0.07158576 0.04569579
 0.0236246  0.00847896 0.00135922]
Saving curve to:  ./fingeryolo/testsOpen/v3-spp2-anchor1-box-30/curve-v3-spp2-anchor1-box-30-precisionRecall.png
Running dir  ./fingeryolo/testsOpen/v3-spp2-anchor1-box-40
open:  ./fingeryolo/testsOpen/v3-spp2-anchor1-box-40/curve-v3-spp2-anchor1-box-40.obj
precision
[0.67225102 0.7595681  0.79937053 0.8249491  0.84262478 0.85500575
 0.8649604  0.87379357 0.88162399 0.88777009 0.89389068 0.89941691
 0.90377905 0.90837617 0.91310047 0.91731571 0.92088302 0.92389688
 0.92721412 0.93076722 0.93374464 0.93698756 0.94018888 0.94458788
 0.94720465 0.95067362 0.95291557 0.95536148 0.95729167 0.9597287
 0.96058733 0.96262003 0.964468   0.96667433 0.97175939 0.9739229
 0.97285319 0.97464503 0.98939929]
recall
[0.94019417 0.9197411  0.90414239 0.89158576 0.87851133 0.86563107
 0.85527508 0.84381877 0.83346278 0.82174757 0.80970874 0.7987055
 0.78789644 0.77773463 0.76647249 0.75469256 0.73980583 0.72368932
 0.70744337 0.69177994 0.67592233 0.65831715 0.6379288  0.61566343
 0.59106796 0.56634304 0.53838188 0.50977346 0.47585761 0.43961165
 0.40226537 0.3633657  0.31799353 0.27223301 0.22271845 0.16679612
 0.11365696 0.06220065 0.01812298]
Saving curve to:  ./fingeryolo/testsOpen/v3-spp2-anchor1-box-40/curve-v3-spp2-anchor1-box-40-precisionRecall.png
Running dir  ./fingeryolo/testsOpen/v3-spp2-anchor1-box-60
open:  ./fingeryolo/testsOpen/v3-spp2-anchor1-box-60/curve-v3-spp2-anchor1-box-60.obj
precision
[0.75121239 0.81428292 0.84090441 0.85741756 0.87036222 0.87866046
 0.88600322 0.89314469 0.89832936 0.9022423  0.90684146 0.91024682
 0.91390338 0.91751258 0.91897028 0.92169572 0.92484009 0.92703166
 0.93025594 0.93303033 0.93573919 0.93741627 0.93893055 0.94098978
 0.94361778 0.94562623 0.94763066 0.94934641 0.9518908  0.95593848
 0.95846376 0.96048326 0.9637931  0.96722939 0.97002342 0.97282033
 0.97577046 0.97827951 0.98542426]
recall
[0.83216828 0.80737864 0.79197411 0.7792233  0.76828479 0.757411
 0.74854369 0.73954693 0.73087379 0.72401294 0.7163754  0.70893204
 0.7028479  0.69618123 0.68854369 0.68110032 0.67378641 0.66524272
 0.6587055  0.65106796 0.64278317 0.63404531 0.62394822 0.61411003
 0.6033657  0.58983819 0.57857605 0.56407767 0.55067961 0.53501618
 0.51527508 0.49398058 0.47035599 0.4412945  0.40213592 0.35676375
 0.2971521  0.2215534  0.12252427]
Saving curve to:  ./fingeryolo/testsOpen/v3-spp2-anchor1-box-60/curve-v3-spp2-anchor1-box-60-precisionRecall.png
Running dir  ./fingeryolo/testsOpen/v3-tiny-anchor1-box-30
open:  ./fingeryolo/testsOpen/v3-tiny-anchor1-box-30/curve-v3-tiny-anchor1-box-30.obj
precision
[0.35134191 0.45048187 0.52712095 0.5926241  0.64647719 0.69457946
 0.73395606 0.76916833 0.79674306 0.8207716  0.84198131 0.859868
 0.8746601  0.88748431 0.89826513 0.90928875 0.91776418 0.92490463
 0.9289555  0.93492408 0.94230034 0.94766506 0.95223838 0.95714069
 0.95871114 0.96279555 0.96639607 0.97043011 0.97442282 0.97766749
 0.9801842  0.98318528 0.98509687 0.98710538 0.98706412 0.98552932
 0.9875     0.99012346 0.98823529]
recall
[0.9761165  0.95300971 0.92776699 0.90174757 0.87598706 0.85093851
 0.8238835  0.79734628 0.76951456 0.74220065 0.71734628 0.69145631
 0.66621359 0.64071197 0.6166343  0.59495146 0.57281553 0.54925566
 0.52556634 0.50213592 0.47883495 0.45708738 0.43229773 0.40906149
 0.38323625 0.3584466  0.33132686 0.30375405 0.27864078 0.25501618
 0.22731392 0.20058252 0.17113269 0.14368932 0.11359223 0.08375405
 0.05624595 0.02595469 0.00543689]
Saving curve to:  ./fingeryolo/testsOpen/v3-tiny-anchor1-box-30/curve-v3-tiny-anchor1-box-30-precisionRecall.png
Running dir  ./fingeryolo/testsOpen/v3-yolo-anchor1-box-30
open:  ./fingeryolo/testsOpen/v3-yolo-anchor1-box-30/curve-v3-yolo-anchor1-box-30.obj
precision
[0.73686392 0.79714384 0.82857662 0.84694134 0.85902231 0.86793818
 0.87421468 0.88129838 0.88655607 0.89031359 0.8942843  0.89814683
 0.90173744 0.90444606 0.90827922 0.91065574 0.91379959 0.91614032
 0.91876729 0.92059553 0.92280592 0.92406265 0.92520975 0.9272198
 0.92862405 0.93038289 0.93257767 0.93534666 0.93649836 0.93899018
 0.94078242 0.94315482 0.94519653 0.94750958 0.94944209 0.95220929
 0.9559817  0.96067015 0.96769663]
recall
[0.92038835 0.89961165 0.88504854 0.87281553 0.86213592 0.85417476
 0.84660194 0.84       0.83359223 0.82692557 0.8212945  0.81559871
 0.80957929 0.80317152 0.79669903 0.79100324 0.78563107 0.7792233
 0.77378641 0.76841424 0.76291262 0.7561165  0.74944984 0.74213592
 0.73430421 0.72660194 0.71889968 0.71165049 0.70349515 0.69333333
 0.68174757 0.66796117 0.65527508 0.6402589  0.6223301  0.59838188
 0.56789644 0.52330097 0.44595469]